0 0.227734 0.987500 0.014844 0.025000
0 0.176953 0.970833 0.017969 0.027778
0 0.285547 0.970139 0.019531 0.031944
0 0.288281 0.881250 0.015625 0.037500
0 0.642578 0.722222 0.019531 0.033333
0 0.283203 0.727778 0.022656 0.047222
0 0.253125 0.699306 0.018750 0.031944
0 0.593359 0.663194 0.019531 0.037500
0 0.573438 0.584028 0.018750 0.031944
0 0.627344 0.528472 0.017188 0.034722
0 0.227734 0.516667 0.017969 0.033333
0 0.643750 0.506250 0.018750 0.029167
0 0.596875 0.479167 0.028125 0.038889
0 0.196875 0.447222 0.017188 0.027778
0 0.268359 0.465972 0.046094 0.076389
0 0.154297 0.434028 0.016406 0.031944
0 0.140234 0.414583 0.017969 0.029167
0 0.506641 0.413889 0.014844 0.033333
0 0.642188 0.413194 0.023438 0.056944
0 0.154297 0.398611 0.014844 0.033333
0 0.210547 0.395139 0.021094 0.043056
0 0.582031 0.361111 0.017188 0.030556
0 0.025391 0.585417 0.014844 0.829167
0 0.121875 0.021528 0.090625 0.043056
