0 0.157422 0.881944 0.019531 0.027778
0 0.198828 0.840278 0.017969 0.027778
0 0.179688 0.831250 0.017188 0.031944
0 0.328906 0.800694 0.018750 0.029167
0 0.294922 0.797222 0.016406 0.033333
0 0.403906 0.784722 0.017188 0.036111
0 0.752734 0.690972 0.017969 0.034722
0 0.719141 0.551389 0.019531 0.027778
0 0.169531 0.545139 0.015625 0.031944
0 0.774609 0.518056 0.019531 0.033333
0 0.180469 0.515278 0.015625 0.030556
0 0.383594 0.504167 0.017188 0.030556
0 0.135937 0.486111 0.015625 0.033333
0 0.261328 0.483333 0.014844 0.033333
0 0.544531 0.470139 0.017188 0.031944
0 0.834375 0.445833 0.018750 0.030556
0 0.787891 0.446528 0.030469 0.034722
0 0.907422 0.435417 0.021094 0.031944
0 0.582812 0.402083 0.015625 0.034722
0 0.817969 0.358333 0.031250 0.041667
0 0.799219 0.303472 0.031250 0.031944
0 0.366016 0.289583 0.038281 0.048611
0 0.163672 0.265972 0.016406 0.029167
0 0.202734 0.262500 0.016406 0.030556
0 0.770312 0.179167 0.015625 0.030556
0 0.242969 0.032639 0.015625 0.029167
