0 0.744141 0.866667 0.019531 0.030556
0 0.690625 0.837500 0.018750 0.027778
0 0.729688 0.816667 0.021875 0.052778
0 0.665234 0.697917 0.016406 0.034722
0 0.442578 0.662500 0.014844 0.033333
0 0.418359 0.661111 0.028906 0.036111
0 0.435547 0.634722 0.017969 0.030556
0 0.440234 0.602083 0.017969 0.029167
0 0.723828 0.578472 0.016406 0.034722
0 0.251172 0.481250 0.019531 0.029167
0 0.439844 0.334722 0.015625 0.033333
0 0.653125 0.328472 0.018750 0.031944
0 0.512500 0.312500 0.017188 0.033333
0 0.886328 0.309722 0.019531 0.030556
0 0.699219 0.306250 0.034375 0.070833
0 0.398828 0.282639 0.016406 0.031944
0 0.020703 0.606250 0.032031 0.787500
