0 0.028516 0.931944 0.013281 0.136111
0 0.783984 0.817361 0.019531 0.037500
0 0.740625 0.815972 0.017188 0.034722
0 0.763672 0.825694 0.024219 0.070833
0 0.399609 0.684722 0.017969 0.030556
0 0.407813 0.660417 0.015625 0.037500
0 0.775781 0.637500 0.017188 0.033333
0 0.576562 0.536806 0.018750 0.034722
0 0.562109 0.500000 0.039844 0.052778
0 0.749609 0.489583 0.016406 0.040278
0 0.590625 0.447222 0.018750 0.027778
0 0.014453 0.473611 0.010156 0.094444
0 0.402344 0.414583 0.018750 0.026389
0 0.398047 0.290278 0.017969 0.027778
0 0.724609 0.249306 0.017969 0.029167
0 0.719141 0.218056 0.016406 0.041667
0 0.700000 0.178472 0.017188 0.029167
