0 0.435156 0.932639 0.018750 0.031944
0 0.782813 0.886111 0.017188 0.033333
0 0.026172 0.909722 0.014844 0.180556
0 0.226562 0.831944 0.015625 0.033333
0 0.019141 0.728472 0.010156 0.120833
0 0.925391 0.647222 0.019531 0.033333
0 0.679688 0.577778 0.018750 0.030556
0 0.011328 0.450694 0.010156 0.098611
0 0.389844 0.368056 0.017188 0.030556
0 0.756250 0.300000 0.017188 0.033333
0 0.630469 0.273611 0.018750 0.027778
0 0.270313 0.225000 0.018750 0.027778
0 0.516406 0.215972 0.017188 0.031944
0 0.578906 0.112500 0.017188 0.033333
0 0.380078 0.100694 0.014844 0.034722
