0 0.334766 0.989583 0.017969 0.020833
0 0.440234 0.984028 0.038281 0.031944
0 0.411328 0.972917 0.033594 0.054167
0 0.230859 0.970833 0.022656 0.058333
0 0.409375 0.945833 0.020313 0.038889
0 0.348828 0.955556 0.046094 0.058333
0 0.179297 0.952778 0.024219 0.058333
0 0.291016 0.952778 0.030469 0.063889
0 0.432422 0.927778 0.014844 0.044444
0 0.432422 0.890972 0.027344 0.048611
0 0.339062 0.895139 0.028125 0.065278
0 0.458984 0.843056 0.013281 0.025000
0 0.293750 0.863194 0.026562 0.068056
0 0.512891 0.812500 0.019531 0.030556
0 0.283203 0.725694 0.022656 0.043056
0 0.252734 0.697222 0.017969 0.030556
0 0.291016 0.676389 0.016406 0.030556
0 0.329297 0.661806 0.016406 0.029167
0 0.259766 0.663194 0.016406 0.043056
0 0.562891 0.645139 0.019531 0.029167
0 0.026953 0.772222 0.013281 0.455556
0 0.643750 0.505556 0.018750 0.027778
0 0.273047 0.501389 0.019531 0.027778
0 0.596875 0.478472 0.026562 0.037500
0 0.214453 0.470833 0.017969 0.030556
0 0.226562 0.449306 0.017188 0.029167
0 0.196875 0.446528 0.017188 0.026389
0 0.024219 0.488194 0.007812 0.109722
0 0.153906 0.433333 0.015625 0.030556
0 0.274219 0.424306 0.018750 0.029167
0 0.140234 0.413194 0.016406 0.029167
0 0.648828 0.406944 0.016406 0.030556
0 0.154297 0.398611 0.014844 0.033333
0 0.209375 0.395139 0.020313 0.040278
0 0.267578 0.222222 0.021094 0.047222
0 0.298828 0.216667 0.025781 0.044444
0 0.306250 0.167361 0.014063 0.031944
0 0.128906 0.021528 0.075000 0.043056
0 0.107031 0.012500 0.050000 0.025000
