0 0.816406 0.977778 0.018750 0.033333
0 0.113672 0.961111 0.036719 0.072222
0 0.148047 0.917361 0.019531 0.031944
0 0.209375 0.872222 0.021875 0.058333
0 0.255859 0.824306 0.016406 0.034722
0 0.156641 0.813194 0.017969 0.031944
0 0.220312 0.804861 0.032813 0.037500
0 0.025391 0.769444 0.008594 0.088889
0 0.189453 0.736806 0.030469 0.051389
0 0.179688 0.570833 0.015625 0.030556
0 0.024609 0.613889 0.008594 0.136111
0 0.133984 0.540278 0.016406 0.033333
0 0.023828 0.507639 0.008594 0.081944
0 0.023438 0.438194 0.007812 0.068056
0 0.160156 0.314583 0.017188 0.029167
0 0.199219 0.311111 0.015625 0.030556
0 0.343359 0.250000 0.014844 0.030556
0 0.380078 0.118056 0.014844 0.033333
0 0.239844 0.077083 0.015625 0.029167
0 0.708594 0.077778 0.032813 0.050000
0 0.487891 0.063889 0.016406 0.027778
0 0.132031 0.017361 0.048438 0.034722
0 0.101562 0.010417 0.031250 0.020833
