0 0.816406 0.977778 0.018750 0.033333
0 0.114062 0.961111 0.035937 0.072222
0 0.148047 0.917361 0.019531 0.031944
0 0.209375 0.872222 0.021875 0.058333
0 0.026172 0.868750 0.008594 0.087500
0 0.255859 0.824306 0.016406 0.034722
0 0.156641 0.813194 0.017969 0.031944
0 0.219922 0.804861 0.032031 0.037500
0 0.189453 0.736806 0.030469 0.051389
0 0.179297 0.570833 0.016406 0.030556
0 0.024219 0.637500 0.009375 0.177778
0 0.133594 0.539583 0.015625 0.031944
0 0.023438 0.470833 0.009375 0.158333
0 0.159766 0.314583 0.016406 0.029167
0 0.199219 0.311111 0.015625 0.030556
0 0.343359 0.250000 0.014844 0.030556
0 0.380078 0.118056 0.014844 0.033333
0 0.239844 0.076389 0.015625 0.030556
0 0.708594 0.077778 0.032813 0.050000
0 0.487891 0.064583 0.016406 0.029167
0 0.135156 0.016667 0.042188 0.033333
0 0.101172 0.011806 0.035156 0.023611
