0 0.226953 0.986806 0.014844 0.026389
0 0.325781 0.984722 0.012500 0.030556
0 0.176563 0.969444 0.018750 0.027778
0 0.284766 0.969444 0.021094 0.030556
0 0.397656 0.976389 0.026562 0.047222
0 0.357422 0.963194 0.010156 0.043056
0 0.414844 0.923611 0.021875 0.052778
0 0.333203 0.911806 0.019531 0.031944
0 0.436328 0.880556 0.019531 0.030556
0 0.287891 0.879167 0.016406 0.036111
0 0.512109 0.811111 0.021094 0.030556
0 0.283203 0.726389 0.024219 0.044444
0 0.252734 0.697222 0.019531 0.030556
0 0.328906 0.662500 0.018750 0.030556
0 0.455469 0.659722 0.010937 0.027778
0 0.562500 0.643056 0.020313 0.027778
0 0.377344 0.628472 0.014063 0.059722
0 0.026562 0.775000 0.012500 0.450000
0 0.643359 0.504167 0.019531 0.027778
0 0.273047 0.500694 0.021094 0.029167
0 0.596875 0.476389 0.028125 0.036111
0 0.214453 0.470139 0.017969 0.031944
0 0.226172 0.448611 0.017969 0.027778
0 0.196484 0.445833 0.017969 0.025000
0 0.154297 0.432639 0.016406 0.029167
0 0.273828 0.423611 0.019531 0.027778
0 0.140234 0.412500 0.017969 0.027778
0 0.649219 0.404861 0.017188 0.029167
0 0.212500 0.402778 0.026562 0.033333
0 0.154297 0.397222 0.014844 0.030556
0 0.024609 0.445833 0.008594 0.216667
0 0.267578 0.220833 0.021094 0.044444
0 0.299219 0.214583 0.026562 0.043056
0 0.305859 0.165972 0.014844 0.031944
