0 0.735547 0.800000 0.016406 0.033333
0 0.675391 0.793750 0.019531 0.029167
0 0.652734 0.781944 0.016406 0.033333
0 0.661719 0.734722 0.017188 0.033333
0 0.696875 0.605556 0.018750 0.027778
0 0.614844 0.540278 0.018750 0.027778
0 0.699609 0.538889 0.019531 0.027778
0 0.596094 0.540972 0.017188 0.031944
0 0.611719 0.509028 0.018750 0.026389
0 0.584375 0.486111 0.018750 0.030556
0 0.588672 0.450000 0.016406 0.033333
0 0.514844 0.438889 0.018750 0.036111
0 0.403125 0.384722 0.018750 0.027778
0 0.566016 0.382639 0.014844 0.034722
0 0.020703 0.640972 0.030469 0.718056
0 0.398828 0.282639 0.017969 0.029167
0 0.582812 0.273611 0.017188 0.030556
0 0.617188 0.252083 0.018750 0.031944
0 0.723047 0.227083 0.019531 0.054167
0 0.698828 0.170833 0.017969 0.030556
