0 0.801562 0.923611 0.018750 0.033333
0 0.154688 0.931250 0.032813 0.120833
0 0.133203 0.862500 0.022656 0.044444
0 0.137500 0.822917 0.018750 0.029167
0 0.172656 0.773611 0.017188 0.033333
0 0.214062 0.770833 0.018750 0.030556
0 0.248828 0.758333 0.016406 0.033333
0 0.027734 0.870139 0.013281 0.259722
0 0.151953 0.745139 0.017969 0.031944
0 0.220312 0.738889 0.017188 0.036111
0 0.185938 0.677778 0.025000 0.036111
0 0.173047 0.652083 0.017969 0.029167
0 0.177344 0.509028 0.017188 0.029167
0 0.130859 0.477083 0.016406 0.031944
0 0.024609 0.569444 0.010156 0.350000
0 0.159766 0.259028 0.016406 0.029167
0 0.198047 0.255556 0.016406 0.030556
0 0.341406 0.198611 0.015625 0.030556
0 0.374609 0.069444 0.014844 0.033333
0 0.711328 0.045139 0.017969 0.034722
0 0.696094 0.028472 0.017188 0.031944
0 0.240234 0.026389 0.016406 0.030556
0 0.485547 0.017361 0.016406 0.029167
