0 0.026562 0.929167 0.014063 0.141667
0 0.321094 0.827083 0.017188 0.031944
0 0.500000 0.776389 0.015625 0.036111
0 0.841797 0.764583 0.019531 0.031944
0 0.675000 0.763194 0.018750 0.029167
0 0.019531 0.738889 0.009375 0.058333
0 0.837891 0.501389 0.017969 0.033333
0 0.446484 0.493056 0.017969 0.030556
0 0.680859 0.422222 0.016406 0.033333
0 0.389062 0.259028 0.017188 0.031944
0 0.573438 0.228472 0.017188 0.031944
0 0.719922 0.186111 0.019531 0.033333
0 0.461328 0.084722 0.017969 0.030556
0 0.575781 0.060417 0.015625 0.034722
