0 0.028516 0.934028 0.013281 0.131944
0 0.650781 0.759722 0.042188 0.072222
0 0.535547 0.706250 0.017969 0.037500
0 0.402734 0.671528 0.025781 0.056944
0 0.578906 0.502083 0.018750 0.031944
0 0.521875 0.492361 0.018750 0.031944
0 0.569922 0.425694 0.016406 0.034722
0 0.401562 0.415972 0.018750 0.029167
0 0.013281 0.431944 0.014063 0.238889
0 0.657031 0.316667 0.029687 0.044444
0 0.397656 0.291667 0.017188 0.030556
0 0.723828 0.249306 0.019531 0.031944
0 0.718359 0.225000 0.017969 0.036111
0 0.699219 0.179167 0.018750 0.030556
