0 0.227734 0.986806 0.014844 0.026389
0 0.176953 0.970139 0.017969 0.029167
0 0.285547 0.970139 0.019531 0.031944
0 0.219531 0.956250 0.015625 0.037500
0 0.012500 0.968056 0.009375 0.063889
0 0.278125 0.931250 0.015625 0.029167
0 0.288281 0.879167 0.015625 0.036111
0 0.283594 0.843750 0.015625 0.034722
0 0.642969 0.721528 0.018750 0.031944
0 0.283203 0.727083 0.022656 0.045833
0 0.253125 0.698611 0.018750 0.030556
0 0.573828 0.583333 0.017969 0.030556
0 0.627734 0.527778 0.016406 0.033333
0 0.227734 0.516667 0.017969 0.033333
0 0.643750 0.505556 0.018750 0.027778
0 0.597266 0.478472 0.027344 0.037500
0 0.196875 0.447222 0.017188 0.027778
0 0.268359 0.465972 0.046094 0.076389
0 0.154297 0.433333 0.016406 0.030556
0 0.140625 0.413889 0.017188 0.027778
0 0.506641 0.413889 0.014844 0.033333
0 0.642188 0.412500 0.023438 0.055556
0 0.153906 0.398611 0.014063 0.033333
0 0.210547 0.396528 0.021094 0.040278
0 0.582031 0.360417 0.017188 0.031944
0 0.026562 0.651389 0.014063 0.697222
0 0.008594 0.197917 0.017188 0.018056
0 0.127344 0.021528 0.078125 0.043056
0 0.107422 0.012500 0.053906 0.025000
