0 0.368750 0.989583 0.018750 0.020833
0 0.420312 0.977778 0.026562 0.044444
0 0.394922 0.964583 0.017969 0.031944
0 0.408594 0.942361 0.018750 0.026389
0 0.612109 0.761806 0.016406 0.034722
0 0.454297 0.697917 0.025781 0.043056
0 0.605859 0.682639 0.033594 0.051389
0 0.733594 0.642361 0.017188 0.031944
0 0.707422 0.640972 0.017969 0.031944
0 0.633984 0.597917 0.014844 0.034722
0 0.750391 0.583333 0.025781 0.036111
0 0.437891 0.557639 0.017969 0.029167
0 0.623437 0.558333 0.015625 0.033333
0 0.644531 0.522917 0.017188 0.031944
0 0.112500 0.514583 0.018750 0.029167
0 0.383594 0.495833 0.018750 0.027778
0 0.263281 0.474306 0.017188 0.031944
0 0.693359 0.416667 0.016406 0.033333
0 0.803906 0.384722 0.017188 0.033333
0 0.704688 0.305556 0.015625 0.033333
0 0.164062 0.265972 0.017188 0.029167
0 0.316016 0.263889 0.016406 0.030556
0 0.202734 0.261806 0.016406 0.029167
0 0.770703 0.179167 0.014844 0.030556
0 0.438672 0.172917 0.016406 0.034722
0 0.571875 0.145139 0.018750 0.026389
0 0.596484 0.113194 0.017969 0.029167
0 0.440625 0.113889 0.015625 0.030556
0 0.242969 0.031944 0.015625 0.030556
