0 0.584766 0.972917 0.024219 0.043056
0 0.809375 0.963889 0.060937 0.072222
0 0.277344 0.751389 0.015625 0.033333
0 0.248047 0.737500 0.016406 0.033333
0 0.233984 0.636806 0.017969 0.031944
0 0.213672 0.503472 0.016406 0.029167
0 0.530078 0.490972 0.017969 0.029167
0 0.844141 0.450000 0.021094 0.030556
0 0.644531 0.382639 0.017188 0.031944
0 0.601562 0.379167 0.017188 0.030556
0 0.286328 0.344444 0.017969 0.025000
0 0.695703 0.309028 0.016406 0.031944
0 0.363672 0.295833 0.014844 0.030556
0 0.907031 0.277083 0.017188 0.031944
0 0.025391 0.583333 0.014844 0.833333
0 0.549219 0.163889 0.017188 0.030556
0 0.375781 0.127778 0.014063 0.033333
0 0.705078 0.080556 0.032031 0.030556
0 0.484375 0.076389 0.017188 0.027778
0 0.043750 0.087500 0.071875 0.175000
