0 0.444141 0.986806 0.019531 0.026389
0 0.283203 0.879167 0.016406 0.036111
0 0.425391 0.877778 0.017969 0.036111
0 0.286719 0.802778 0.015625 0.033333
0 0.434766 0.758333 0.017969 0.033333
0 0.685156 0.750000 0.018750 0.036111
0 0.935547 0.742361 0.021094 0.031944
0 0.355859 0.731944 0.016406 0.033333
0 0.457422 0.701389 0.019531 0.033333
0 0.551953 0.636111 0.019531 0.027778
0 0.244922 0.632639 0.017969 0.029167
0 0.735156 0.620139 0.023438 0.034722
0 0.226562 0.597917 0.015625 0.031944
0 0.358984 0.587500 0.017969 0.027778
0 0.592187 0.561806 0.018750 0.029167
0 0.746875 0.565278 0.028125 0.050000
0 0.246875 0.538889 0.018750 0.027778
0 0.112891 0.518056 0.017969 0.030556
0 0.262891 0.478472 0.016406 0.031944
0 0.231641 0.462500 0.021094 0.022222
0 0.539844 0.406944 0.034375 0.072222
0 0.412891 0.354167 0.016406 0.030556
0 0.164062 0.269444 0.017188 0.030556
0 0.202734 0.265972 0.016406 0.031944
0 0.318750 0.265278 0.025000 0.033333
0 0.440625 0.118056 0.015625 0.033333
