0 0.573828 0.950694 0.016406 0.037500
0 0.027344 0.929167 0.014063 0.141667
0 0.319922 0.826389 0.017969 0.033333
0 0.674609 0.762500 0.017969 0.027778
0 0.782813 0.693750 0.020313 0.029167
0 0.019141 0.711806 0.010156 0.104167
0 0.391797 0.605556 0.017969 0.030556
0 0.233203 0.536806 0.017969 0.031944
0 0.011719 0.472917 0.009375 0.056944
0 0.866797 0.409028 0.019531 0.034722
0 0.502734 0.395139 0.017969 0.029167
0 0.008594 0.357639 0.009375 0.076389
0 0.724219 0.297917 0.018750 0.029167
0 0.383984 0.246528 0.017969 0.029167
0 0.677344 0.198611 0.015625 0.033333
0 0.297656 0.113194 0.018750 0.026389
