0 0.503125 0.940972 0.015625 0.034722
0 0.468359 0.921528 0.019531 0.031944
0 0.500000 0.906250 0.018750 0.029167
0 0.512891 0.868056 0.017969 0.030556
0 0.822266 0.850000 0.017969 0.033333
0 0.710547 0.801389 0.017969 0.033333
0 0.778516 0.764583 0.019531 0.026389
0 0.026562 0.845139 0.018750 0.309722
0 0.607031 0.625000 0.017188 0.033333
0 0.019141 0.631944 0.010156 0.125000
0 0.711719 0.570139 0.015625 0.034722
0 0.569922 0.531944 0.014844 0.033333
0 0.585547 0.416667 0.019531 0.033333
0 0.487891 0.400000 0.016406 0.030556
0 0.684766 0.373611 0.017969 0.033333
0 0.535547 0.363194 0.017969 0.026389
0 0.576172 0.354167 0.017969 0.030556
0 0.605469 0.333333 0.018750 0.027778
0 0.801562 0.329861 0.017188 0.034722
0 0.012891 0.406944 0.016406 0.336111
0 0.873437 0.161111 0.018750 0.030556
