0 0.401953 0.929167 0.017969 0.033333
0 0.680469 0.913889 0.018750 0.027778
0 0.810937 0.913889 0.020313 0.033333
0 0.833203 0.892361 0.022656 0.031944
0 0.546094 0.895139 0.017188 0.037500
0 0.423438 0.856250 0.015625 0.034722
0 0.418750 0.824306 0.018750 0.026389
0 0.672656 0.811806 0.018750 0.031944
0 0.330469 0.619444 0.018750 0.027778
0 0.368750 0.446528 0.020313 0.026389
0 0.352344 0.445139 0.018750 0.029167
0 0.346875 0.418056 0.017188 0.030556
0 0.838672 0.390972 0.021094 0.031944
0 0.612109 0.283333 0.016406 0.033333
0 0.482812 0.253472 0.018750 0.029167
0 0.019141 0.432639 0.016406 0.451389
0 0.473828 0.182639 0.017969 0.029167
0 0.485547 0.165972 0.016406 0.031944
0 0.551172 0.152083 0.017969 0.029167
0 0.528906 0.079167 0.017188 0.027778
0 0.013281 0.107639 0.009375 0.090278
0 0.985156 0.025694 0.020313 0.029167
0 0.034375 0.015278 0.014063 0.030556
