0 0.229687 0.993750 0.018750 0.012500
0 0.267969 0.968750 0.018750 0.031944
0 0.394922 0.949306 0.016406 0.037500
0 0.388281 0.902083 0.015625 0.034722
0 0.444531 0.913889 0.039062 0.072222
0 0.602734 0.870139 0.017969 0.034722
0 0.650391 0.831250 0.017969 0.031944
0 0.509766 0.804861 0.016406 0.031944
0 0.985938 0.784028 0.020313 0.031944
0 0.641797 0.777083 0.025781 0.056944
0 0.633594 0.715972 0.018750 0.031944
0 0.695312 0.699306 0.021875 0.059722
0 0.675000 0.679167 0.017188 0.033333
0 0.366016 0.643750 0.017969 0.026389
0 0.224609 0.572917 0.016406 0.031944
0 0.881250 0.395139 0.020313 0.026389
0 0.288672 0.343750 0.017969 0.026389
0 0.023438 0.574306 0.010937 0.495833
0 0.907031 0.327083 0.020313 0.031944
0 0.926953 0.243750 0.021094 0.029167
0 0.023047 0.209028 0.008594 0.065278
0 0.403125 0.177083 0.017188 0.029167
0 0.487891 0.076389 0.016406 0.030556
0 0.705078 0.075694 0.033594 0.031944
0 0.049609 0.082639 0.058594 0.165278
0 0.051562 0.060417 0.035937 0.120833
