0 0.783203 0.818750 0.019531 0.034722
0 0.740625 0.818056 0.017188 0.033333
0 0.764453 0.827083 0.025781 0.068056
0 0.399609 0.685417 0.017969 0.029167
0 0.407813 0.661111 0.015625 0.036111
0 0.775391 0.638194 0.017969 0.031944
0 0.576172 0.538194 0.019531 0.034722
0 0.748437 0.494444 0.017188 0.033333
0 0.561719 0.500694 0.040625 0.051389
0 0.590234 0.448611 0.019531 0.027778
0 0.401953 0.415278 0.019531 0.027778
0 0.398047 0.290972 0.017969 0.029167
0 0.020313 0.624306 0.031250 0.751389
0 0.724219 0.250694 0.018750 0.029167
0 0.717969 0.223611 0.017188 0.033333
0 0.699219 0.179167 0.018750 0.027778
