0 0.260937 0.897222 0.018750 0.033333
0 0.276172 0.878472 0.017969 0.026389
0 0.269922 0.808333 0.017969 0.033333
0 0.691406 0.804861 0.020313 0.029167
0 0.606250 0.756944 0.017188 0.050000
0 0.407813 0.721528 0.018750 0.031944
0 0.637500 0.702778 0.018750 0.027778
0 0.627734 0.655556 0.017969 0.030556
0 0.244922 0.629861 0.017969 0.026389
0 0.624609 0.606250 0.017969 0.031944
0 0.499219 0.597917 0.018750 0.029167
0 0.226172 0.594444 0.016406 0.030556
0 0.357812 0.584028 0.018750 0.026389
0 0.246875 0.534722 0.018750 0.027778
0 0.648438 0.536806 0.017188 0.034722
0 0.629687 0.520833 0.015625 0.033333
0 0.112500 0.514583 0.018750 0.029167
0 0.262500 0.474306 0.017188 0.031944
0 0.692578 0.415972 0.016406 0.034722
0 0.582031 0.402083 0.023438 0.051389
0 0.803516 0.384722 0.017969 0.033333
0 0.573438 0.354861 0.014063 0.031944
0 0.548438 0.312500 0.017188 0.030556
0 0.703906 0.305556 0.015625 0.033333
0 0.163672 0.265972 0.016406 0.029167
0 0.315625 0.263194 0.017188 0.031944
0 0.202344 0.261111 0.015625 0.030556
0 0.523828 0.183333 0.017969 0.033333
0 0.770312 0.179167 0.015625 0.030556
0 0.571484 0.145139 0.017969 0.026389
0 0.596094 0.113194 0.017188 0.029167
0 0.439844 0.113889 0.015625 0.030556
