0 0.166406 0.904167 0.028125 0.058333
0 0.151562 0.856944 0.021875 0.047222
0 0.147656 0.818056 0.015625 0.033333
0 0.831641 0.571528 0.047656 0.065278
0 0.169531 0.545139 0.015625 0.031944
0 0.180078 0.515278 0.014844 0.030556
0 0.382812 0.504167 0.017188 0.030556
0 0.135937 0.485417 0.015625 0.031944
0 0.261328 0.483333 0.014844 0.033333
0 0.545312 0.469444 0.017188 0.033333
0 0.582812 0.402083 0.015625 0.034722
0 0.817969 0.358333 0.031250 0.041667
0 0.417187 0.315972 0.015625 0.031944
0 0.799219 0.303472 0.031250 0.031944
0 0.163281 0.265972 0.017188 0.029167
0 0.202344 0.261806 0.015625 0.029167
0 0.345703 0.202778 0.014844 0.030556
0 0.770312 0.179167 0.015625 0.030556
0 0.377734 0.072222 0.014844 0.033333
0 0.714844 0.045139 0.018750 0.034722
0 0.242969 0.031944 0.015625 0.030556
0 0.700000 0.027083 0.017188 0.031944
0 0.487891 0.020139 0.016406 0.029167
