0 0.478906 0.976389 0.020313 0.047222
0 0.540234 0.860417 0.019531 0.031944
0 0.450391 0.856944 0.019531 0.027778
0 0.506250 0.854861 0.031250 0.043056
0 0.483984 0.660417 0.017969 0.031944
0 0.610156 0.642361 0.017188 0.034722
0 0.572656 0.548611 0.015625 0.033333
0 0.680078 0.495833 0.017969 0.033333
0 0.577734 0.488194 0.038281 0.048611
0 0.578125 0.446528 0.025000 0.034722
0 0.490625 0.418056 0.017188 0.030556
0 0.538672 0.380556 0.017969 0.027778
0 0.804688 0.344444 0.017188 0.033333
0 0.876172 0.176389 0.019531 0.030556
0 0.521875 0.018056 0.015625 0.036111
