0 0.610156 0.932639 0.018750 0.034722
0 0.267578 0.881944 0.042969 0.072222
0 0.263281 0.836806 0.018750 0.034722
0 0.685547 0.750000 0.017969 0.036111
0 0.936328 0.742361 0.021094 0.031944
0 0.551953 0.636111 0.019531 0.027778
0 0.244922 0.634028 0.017969 0.029167
0 0.735938 0.620139 0.023438 0.034722
0 0.226562 0.598611 0.015625 0.033333
0 0.358203 0.588889 0.017969 0.027778
0 0.592969 0.561111 0.018750 0.027778
0 0.747266 0.565278 0.028906 0.050000
0 0.247266 0.538889 0.017969 0.027778
0 0.113281 0.518750 0.018750 0.029167
0 0.263281 0.479167 0.017188 0.033333
0 0.232422 0.462500 0.021094 0.022222
0 0.540234 0.406944 0.035156 0.072222
0 0.412109 0.355556 0.016406 0.030556
0 0.164062 0.269444 0.017188 0.030556
0 0.202734 0.265972 0.016406 0.031944
0 0.318750 0.265278 0.025000 0.033333
0 0.440625 0.118056 0.015625 0.033333
