0 0.227344 0.985417 0.015625 0.029167
0 0.399219 0.980556 0.023438 0.038889
0 0.176953 0.966667 0.017969 0.027778
0 0.285547 0.965972 0.019531 0.031944
0 0.333984 0.909028 0.017969 0.031944
0 0.436719 0.878472 0.018750 0.031944
0 0.288281 0.877083 0.015625 0.037500
0 0.512500 0.809722 0.020313 0.030556
0 0.283203 0.724306 0.022656 0.045833
0 0.253125 0.695139 0.018750 0.031944
0 0.454688 0.659028 0.015625 0.029167
0 0.329297 0.659722 0.016406 0.030556
0 0.562891 0.642361 0.019531 0.029167
0 0.643750 0.502083 0.018750 0.029167
0 0.273047 0.498611 0.019531 0.030556
0 0.596484 0.475000 0.027344 0.038889
0 0.214453 0.468056 0.017969 0.033333
0 0.226562 0.445833 0.017188 0.030556
0 0.196875 0.443750 0.017188 0.026389
0 0.153906 0.430556 0.017188 0.030556
0 0.274219 0.421528 0.018750 0.029167
0 0.140234 0.410417 0.017969 0.029167
0 0.648438 0.402778 0.017188 0.030556
0 0.154297 0.395833 0.014844 0.033333
0 0.212109 0.392361 0.025781 0.043056
0 0.267578 0.218750 0.021094 0.048611
0 0.298828 0.213194 0.025781 0.045833
0 0.025391 0.584028 0.014844 0.831944
0 0.306250 0.163194 0.014063 0.031944
0 0.119141 0.019444 0.086719 0.038889
