0 0.115234 0.879861 0.019531 0.026389
0 0.097266 0.847917 0.035156 0.076389
0 0.312109 0.811806 0.019531 0.029167
0 0.945312 0.711806 0.023438 0.034722
0 0.168359 0.671528 0.016406 0.031944
0 0.669531 0.625000 0.015625 0.033333
0 0.515234 0.572917 0.017969 0.031944
0 0.116797 0.568750 0.019531 0.029167
0 0.900000 0.465972 0.021875 0.026389
0 0.845703 0.327778 0.019531 0.027778
0 0.725000 0.275000 0.018750 0.030556
0 0.019531 0.454167 0.015625 0.430556
0 0.014844 0.215278 0.009375 0.050000
0 0.337891 0.181944 0.017969 0.030556
0 0.519922 0.125694 0.014844 0.031944
0 0.508203 0.104167 0.014844 0.033333
0 0.013672 0.129861 0.010156 0.115278
0 0.524219 0.044444 0.015625 0.030556
0 0.027734 0.025694 0.027344 0.051389
