0 0.257422 0.950694 0.019531 0.031944
0 0.600781 0.824306 0.018750 0.029167
0 0.225781 0.817361 0.018750 0.029167
0 0.409375 0.793056 0.018750 0.030556
0 0.252734 0.720139 0.016406 0.031944
0 0.567578 0.703472 0.019531 0.051389
0 0.130469 0.535417 0.015625 0.031944
0 0.341406 0.529861 0.017188 0.031944
0 0.203516 0.507639 0.016406 0.029167
0 0.265625 0.494444 0.018750 0.030556
0 0.348828 0.490278 0.017969 0.027778
0 0.579297 0.440278 0.017969 0.027778
0 0.421875 0.435417 0.015625 0.031944
0 0.023828 0.560417 0.010156 0.323611
0 0.490234 0.398611 0.017969 0.027778
0 0.611328 0.359028 0.014844 0.031944
0 0.349609 0.327083 0.014844 0.031944
0 0.333594 0.307639 0.014063 0.031944
0 0.341797 0.247222 0.014844 0.030556
0 0.378516 0.113889 0.014844 0.033333
0 0.238672 0.073611 0.016406 0.030556
0 0.707422 0.074306 0.035156 0.043056
0 0.486719 0.062500 0.017188 0.027778
0 0.057422 0.056944 0.024219 0.072222
0 0.057031 0.077083 0.054688 0.154167
