0 0.141406 0.912500 0.017188 0.033333
0 0.157422 0.881250 0.019531 0.029167
0 0.180859 0.871528 0.019531 0.029167
0 0.230469 0.773611 0.017188 0.033333
0 0.578516 0.753472 0.017969 0.031944
0 0.692187 0.640278 0.015625 0.033333
0 0.619531 0.613194 0.018750 0.026389
0 0.754297 0.585417 0.017969 0.031944
0 0.441016 0.575694 0.055469 0.095833
0 0.396094 0.540278 0.017188 0.033333
0 0.112500 0.512500 0.018750 0.027778
0 0.383984 0.493750 0.017969 0.026389
0 0.261719 0.482639 0.015625 0.034722
0 0.803516 0.384722 0.017969 0.033333
0 0.163672 0.265972 0.016406 0.029167
0 0.315625 0.263889 0.017188 0.030556
0 0.202734 0.261111 0.016406 0.030556
0 0.770312 0.178472 0.015625 0.031944
0 0.438281 0.172917 0.017188 0.034722
0 0.571875 0.145139 0.018750 0.026389
0 0.596484 0.113194 0.017969 0.029167
0 0.440234 0.113889 0.014844 0.030556
0 0.242969 0.031944 0.015625 0.030556
