0 0.506250 0.884028 0.015625 0.034722
0 0.484766 0.858333 0.019531 0.036111
0 0.507812 0.824306 0.018750 0.029167
0 0.358594 0.749306 0.015625 0.034722
0 0.321875 0.701389 0.018750 0.030556
0 0.402344 0.631250 0.018750 0.029167
0 0.294141 0.627778 0.016406 0.033333
0 0.344141 0.617361 0.017969 0.029167
0 0.334375 0.557639 0.017188 0.031944
0 0.492969 0.484722 0.046875 0.063889
0 0.406641 0.433333 0.016406 0.030556
0 0.378125 0.383333 0.015625 0.033333
0 0.307031 0.281944 0.018750 0.027778
0 0.018750 0.578472 0.031250 0.843056
