0 0.922656 0.920139 0.018750 0.034722
0 0.354687 0.852778 0.018750 0.030556
0 0.026172 0.838194 0.008594 0.065278
0 0.410938 0.796528 0.017188 0.031944
0 0.246094 0.738194 0.015625 0.031944
0 0.630078 0.695833 0.019531 0.027778
0 0.721484 0.670833 0.014844 0.038889
0 0.991016 0.599306 0.017969 0.026389
0 0.378516 0.568750 0.017969 0.029167
0 0.448047 0.509028 0.017969 0.026389
0 0.652734 0.475000 0.017969 0.038889
0 0.927734 0.465278 0.017969 0.041667
0 0.882812 0.454167 0.017188 0.038889
0 0.457422 0.436111 0.017969 0.030556
0 0.667188 0.420139 0.018750 0.029167
0 0.910156 0.422917 0.025000 0.054167
0 0.892578 0.363194 0.019531 0.026389
0 0.024219 0.573611 0.010937 0.472222
0 0.286328 0.343056 0.017969 0.025000
0 0.363281 0.294444 0.015625 0.030556
0 0.767969 0.265972 0.048438 0.079167
0 0.375391 0.126389 0.014844 0.033333
0 0.705469 0.080556 0.031250 0.030556
0 0.484375 0.075000 0.017188 0.027778
