0 0.801562 0.923611 0.018750 0.033333
0 0.154688 0.930556 0.032813 0.122222
0 0.133203 0.862500 0.022656 0.044444
0 0.137500 0.822917 0.018750 0.029167
0 0.172656 0.773611 0.017188 0.033333
0 0.214062 0.770833 0.018750 0.030556
0 0.248828 0.757639 0.016406 0.034722
0 0.151953 0.744444 0.017969 0.030556
0 0.220312 0.738194 0.017188 0.034722
0 0.185938 0.677778 0.025000 0.036111
0 0.173047 0.652083 0.017969 0.029167
0 0.177344 0.509028 0.017188 0.029167
0 0.130859 0.477083 0.016406 0.031944
0 0.026562 0.693056 0.014063 0.613889
0 0.159375 0.259028 0.017188 0.029167
0 0.198047 0.254861 0.016406 0.029167
0 0.341016 0.197917 0.014844 0.031944
0 0.374219 0.068750 0.014063 0.034722
0 0.711328 0.045139 0.017969 0.034722
0 0.696094 0.028472 0.017188 0.031944
0 0.239844 0.026389 0.015625 0.030556
0 0.484766 0.017361 0.016406 0.029167
