0 0.609375 0.928472 0.018750 0.034722
0 0.266797 0.878472 0.042969 0.073611
0 0.262500 0.832639 0.018750 0.034722
0 0.685156 0.745833 0.017188 0.036111
0 0.935547 0.738889 0.021094 0.030556
0 0.551953 0.631944 0.019531 0.027778
0 0.244531 0.630556 0.018750 0.027778
0 0.737891 0.616667 0.017969 0.033333
0 0.226172 0.594444 0.016406 0.030556
0 0.357812 0.584028 0.018750 0.026389
0 0.592578 0.556944 0.017969 0.027778
0 0.746875 0.561806 0.028125 0.048611
0 0.246875 0.534722 0.018750 0.027778
0 0.112500 0.514583 0.018750 0.029167
0 0.262500 0.475000 0.017188 0.030556
0 0.538281 0.403472 0.031250 0.070833
0 0.411719 0.352083 0.017188 0.029167
0 0.163672 0.265972 0.016406 0.029167
0 0.202734 0.262500 0.016406 0.030556
0 0.318359 0.261111 0.025781 0.030556
0 0.440234 0.114583 0.016406 0.031944
