0 0.064062 0.993750 0.018750 0.012500
0 0.080859 0.929861 0.016406 0.031944
0 0.307422 0.923611 0.017969 0.033333
0 0.155078 0.891667 0.017969 0.033333
0 0.120313 0.874306 0.037500 0.062500
0 0.982031 0.795833 0.020313 0.033333
0 0.966016 0.765278 0.017969 0.033333
0 0.476172 0.741667 0.016406 0.033333
0 0.450391 0.678472 0.017969 0.026389
0 0.473438 0.674306 0.018750 0.029167
0 0.367188 0.650000 0.015625 0.030556
0 0.996094 0.582639 0.007812 0.026389
0 0.920703 0.557639 0.017969 0.031944
0 0.839844 0.470139 0.017188 0.034722
0 0.714453 0.463194 0.019531 0.029167
0 0.696094 0.450694 0.020313 0.029167
0 0.805078 0.422222 0.019531 0.027778
0 0.693750 0.413194 0.017188 0.031944
0 0.877734 0.404861 0.019531 0.026389
0 0.284766 0.349306 0.017969 0.026389
0 0.903906 0.336806 0.020313 0.031944
0 0.924219 0.253472 0.020313 0.029167
0 0.025000 0.611111 0.015625 0.777778
0 0.399609 0.182639 0.017969 0.029167
0 0.485547 0.082639 0.016406 0.029167
0 0.701953 0.083333 0.033594 0.033333
0 0.045703 0.080556 0.027344 0.072222
0 0.050391 0.080556 0.053906 0.161111
