0 0.432031 0.979861 0.018750 0.029167
0 0.452734 0.950000 0.057031 0.100000
0 0.312891 0.603472 0.024219 0.040278
0 0.447656 0.573611 0.021875 0.044444
0 0.255859 0.528472 0.014844 0.031944
0 0.629687 0.520833 0.015625 0.033333
0 0.112500 0.514583 0.018750 0.029167
0 0.382422 0.494444 0.017969 0.027778
0 0.262500 0.474306 0.017188 0.031944
0 0.692578 0.416667 0.016406 0.033333
0 0.803516 0.384722 0.017969 0.033333
0 0.703906 0.305556 0.015625 0.033333
0 0.163672 0.265972 0.016406 0.029167
0 0.315234 0.263889 0.016406 0.030556
0 0.202734 0.261111 0.016406 0.030556
0 0.770312 0.179167 0.015625 0.030556
0 0.438281 0.172917 0.017188 0.034722
0 0.571484 0.145139 0.017969 0.026389
0 0.596484 0.113194 0.017969 0.029167
0 0.439844 0.113889 0.015625 0.030556
0 0.242969 0.031944 0.015625 0.030556
