0 0.303516 0.988889 0.014844 0.022222
0 0.227344 0.984722 0.015625 0.030556
0 0.403125 0.978472 0.015625 0.034722
0 0.176953 0.965278 0.017969 0.027778
0 0.285547 0.965972 0.019531 0.031944
0 0.419531 0.970833 0.017188 0.058333
0 0.323047 0.963194 0.014844 0.043056
0 0.012109 0.963889 0.010156 0.072222
0 0.353906 0.948611 0.018750 0.063889
0 0.384766 0.934722 0.013281 0.044444
0 0.422266 0.924306 0.014844 0.034722
0 0.394531 0.920139 0.012500 0.026389
0 0.333984 0.907639 0.017969 0.031944
0 0.437109 0.877083 0.017969 0.029167
0 0.287891 0.875694 0.014844 0.037500
0 0.323047 0.859722 0.016406 0.030556
0 0.411719 0.877083 0.021875 0.070833
0 0.432031 0.833333 0.014063 0.036111
0 0.512891 0.807639 0.019531 0.029167
0 0.511719 0.762500 0.015625 0.030556
0 0.283203 0.722917 0.022656 0.045833
0 0.252734 0.693750 0.017969 0.031944
0 0.329297 0.658333 0.016406 0.030556
0 0.563281 0.640972 0.018750 0.029167
0 0.643750 0.501389 0.018750 0.027778
0 0.272656 0.497917 0.020313 0.029167
0 0.597266 0.474306 0.027344 0.037500
0 0.214453 0.467361 0.017969 0.031944
0 0.226562 0.445139 0.017188 0.029167
0 0.196875 0.443056 0.017188 0.027778
0 0.153906 0.429167 0.015625 0.030556
0 0.220703 0.422222 0.014844 0.019444
0 0.274219 0.420833 0.018750 0.030556
0 0.140234 0.410417 0.017969 0.029167
0 0.648828 0.402778 0.016406 0.030556
0 0.153906 0.394444 0.014063 0.033333
0 0.209766 0.392361 0.021094 0.040278
0 0.026562 0.626389 0.014063 0.747222
0 0.267578 0.218056 0.021094 0.047222
0 0.298828 0.212500 0.025781 0.044444
0 0.023438 0.209028 0.010937 0.095833
0 0.306250 0.163194 0.014063 0.031944
0 0.128516 0.019444 0.066406 0.038889
0 0.107422 0.010417 0.028906 0.020833
